%  columns="iteration, evaluation, fitness, void, void, xrecentbest" (startseed=123, 2025/07/31 19:39:6.31)
1 17  1.457325664910186561e+03 0 0 2.003347e+01 6.924109e+01 4.238726e+01 1.635737e+01 9.943786e+01 4.080559e+01 2.678608e+01 9.381875e+00 4.022817e+01 9.659683e+01 6.884705e+01 1.918170e+01 4.394229e+00 7.583222e+00 9.674475e+00 4.611011e+00 
2 33  1.524968758645030448e+03 0 0 4.720423e+01 1.542583e+01 1.936168e+01 5.274263e+01 8.149737e+01 4.328272e+01 2.449585e+01 6.153717e+01 9.444634e+01 8.316619e+01 5.695698e+01 2.634682e+01 2.552895e+00 7.597372e+00 6.190402e+00 5.414600e+00 
3 49  1.332906357931060029e+03 0 0 4.448050e+01 2.721735e+01 2.280772e+00 5.916519e+01 1.288524e+02 8.891211e+01 5.479376e+01 4.179146e+00 6.106487e+01 6.540859e+01 7.566706e+01 1.732566e+01 5.577336e+00 9.087411e+00 7.951954e+00 7.772151e+00 
4 65  1.379887486968642634e+03 0 0 5.024722e+01 1.518275e+01 3.761625e+01 7.864626e+01 6.308657e+01 1.171673e+02 8.878935e+00 2.823323e+00 9.713744e+01 1.114032e+02 6.949495e+01 3.151433e+01 7.479540e+00 5.854394e+00 5.966341e+00 6.009116e+00 
5 81  1.298918231804762399e+03 0 0 7.414858e+01 2.597753e+01 6.471404e+01 1.003314e+02 7.351064e+01 1.175865e+02 4.769742e+01 5.410805e+00 3.908193e+01 1.108413e+02 6.781830e+01 9.205552e+00 8.764544e+00 6.146836e+00 8.138796e+00 7.316144e+00 
6 97  1.281163438385954805e+03 0 0 5.249750e+01 8.012623e+00 6.259215e+01 7.033016e+01 5.562190e+01 6.726675e+01 3.165259e+01 -3.948548e+00 5.576021e+01 5.737742e+01 8.488130e+01 1.116931e+01 5.116052e+00 4.634147e+00 1.511114e+00 6.173488e+00 
7 113  1.288198352966546281e+03 0 0 1.926242e+01 -3.566272e+00 8.322379e+01 3.921920e+01 1.182846e+02 1.156424e+02 5.161633e+01 -3.812794e+01 5.226150e+01 1.017157e+02 2.994154e+01 3.919026e+01 7.542693e+00 5.542171e+00 3.554277e+00 9.725293e+00 
8 129  1.226578032357178927e+03 0 0 4.869497e+01 2.453911e+01 3.334049e+01 5.661749e+01 1.815745e+01 1.282045e+02 6.495686e+01 -4.924627e+01 9.433176e+01 1.303732e+02 8.287540e+01 1.518062e+01 3.726259e+00 7.930850e+00 3.747376e+00 9.532607e+00 
9 145  1.248540454513869463e+03 0 0 5.637428e+01 1.622149e+01 6.396394e+01 7.833795e+01 8.645652e+01 1.119211e+02 4.846863e+01 -6.711564e+01 5.885851e+01 1.255635e+02 8.293287e+01 7.862924e+00 7.112945e+00 8.607355e+00 3.559283e+00 9.746827e+00 
10 161  1.228989526322028041e+03 0 0 6.966145e+01 3.042885e+01 6.759898e+01 3.845441e+01 1.264381e+02 7.527051e+01 5.650039e+01 -1.079595e+01 1.543963e+01 8.889212e+01 6.126118e+01 6.250652e+00 4.903214e+00 1.128902e+01 2.754836e-01 7.105952e+00 
11 177  1.239670818438088645e+03 0 0 4.930552e+01 -5.831785e+00 3.712581e+01 5.429196e+01 9.905177e+01 7.953502e+01 7.655634e+01 -3.991177e+01 8.248269e+01 1.578379e+02 1.144497e+02 1.861828e+01 7.954228e+00 1.253078e+01 2.331624e+00 4.851100e+00 
12 193  1.226187192501556183e+03 0 0 6.752739e+01 2.091377e+01 3.870294e+01 3.513132e+01 5.365532e+01 6.249089e+01 8.372364e+01 -5.649745e+00 8.675689e+01 1.460843e+02 1.183545e+02 1.563404e+01 6.246080e-01 7.193584e+00 1.636847e+00 8.441190e+00 
13 209  1.226653762136422301e+03 0 0 8.751976e+01 1.695340e+01 3.326076e+01 3.432172e+01 1.045541e+02 7.288951e+01 1.062693e+02 5.740435e-01 7.579305e+01 1.364922e+02 8.230105e+01 7.221648e+00 7.438177e+00 1.027789e+01 2.567898e+00 7.841581e+00 
14 225  1.245841107138001917e+03 0 0 4.537697e+01 -3.453208e+00 6.920171e+00 7.114581e+01 5.668565e+01 6.510545e+01 6.943754e+01 -7.959649e+00 4.794884e+01 1.005565e+02 8.684705e+01 2.085307e+01 6.217864e+00 1.021580e+01 3.174547e-01 9.577161e+00 
15 241  1.241171997301079728e+03 0 0 1.902847e+01 1.821531e+01 5.857869e+01 5.677975e+01 7.878881e+01 7.223512e+01 5.577333e+01 -3.338864e+01 4.184992e+01 1.066168e+02 9.064017e+01 1.243062e+01 8.502845e+00 7.747271e+00 1.075019e+00 1.012246e+01 
16 257  1.235647374443073431e+03 0 0 5.193966e+01 -1.455185e+01 3.738483e+01 8.167265e+01 1.022456e+02 7.820282e+01 5.679050e+01 -1.188060e+01 6.504681e+01 1.119457e+02 1.261156e+02 8.140511e+00 7.084535e+00 9.461527e+00 3.590478e-01 1.146833e+01 
17 273  1.209864669234076018e+03 0 0 5.629782e+01 -1.102134e+01 3.444474e+01 5.732860e+01 5.630103e+01 8.404037e+01 8.336956e+01 -1.862755e+01 6.166162e+01 1.145132e+02 1.054081e+02 1.510770e+01 3.710023e+00 1.111611e+01 1.039260e+00 9.713010e+00 
18 289  1.201880462817858415e+03 0 0 8.425273e+01 -2.073874e+01 3.682552e+01 6.260022e+01 4.814335e+01 9.284775e+01 8.243934e+01 -2.107540e+01 5.624542e+01 1.019759e+02 8.133794e+01 1.108919e+01 6.632213e+00 8.497190e+00 -2.270632e-01 6.657416e+00 
19 305  1.200303923963835814e+03 0 0 7.145973e+01 -1.504830e+01 4.361806e+01 1.981412e+01 3.676279e+01 9.194893e+01 8.302715e+01 -1.245050e+01 4.268747e+01 1.011544e+02 8.481571e+01 2.342157e+01 5.089974e+00 7.414484e+00 -1.513524e-01 6.635668e+00 
20 321  1.186324111066624482e+03 0 0 9.057732e+01 -5.357117e+01 4.247313e+01 2.254806e+01 7.812207e+01 9.177156e+01 1.158733e+02 -2.313717e+01 5.340062e+01 8.005587e+01 9.123658e+01 1.289994e+01 4.365331e+00 6.662031e+00 -9.673527e-01 7.719033e+00 
21 337  1.193156451101855282e+03 0 0 5.417318e+01 -1.204674e+01 5.218780e+01 1.311642e+01 3.582861e+01 7.988736e+01 8.694660e+01 -1.141325e+01 3.717063e+01 9.659433e+01 1.210496e+02 1.382841e+01 7.269865e+00 6.470807e+00 4.480557e-01 8.740454e+00 
22 353  1.200693195604112816e+03 0 0 8.252289e+01 -1.769448e+01 4.121793e+01 3.837507e+01 4.652695e+01 9.371184e+01 9.096266e+01 -3.199228e+00 5.036038e+01 7.330109e+01 1.217358e+02 1.663048e+01 5.544220e+00 6.418135e+00 -8.789555e-01 8.418127e+00 
23 369  1.199850531522181427e+03 0 0 5.336793e+01 -1.189678e+01 3.527743e+01 2.055666e+01 3.307593e+01 6.983588e+01 9.126092e+01 -1.451685e+01 2.933730e+01 8.262212e+01 1.311970e+02 1.406101e+01 7.206239e+00 5.412336e+00 1.210166e+00 6.707965e+00 
24 385  1.207140095634659247e+03 0 0 5.823609e+01 -1.312944e+01 4.511278e+01 5.011578e+00 2.055331e+01 7.526951e+01 1.059256e+02 -1.592562e+01 5.260226e+01 1.049851e+02 1.073249e+02 2.229074e+01 4.032745e+00 6.141002e+00 8.956753e-01 7.999110e+00 
25 401  1.186298786252718628e+03 0 0 4.953805e+01 -1.409065e+00 2.683075e+01 9.012239e+00 2.162571e+01 8.058879e+01 1.034672e+02 -1.866224e+01 5.373062e+01 9.966201e+01 1.050007e+02 1.391924e+01 1.813016e+00 8.263901e+00 -1.655549e+00 8.581838e+00 
26 417  1.182839484886485934e+03 0 0 4.971997e+01 -1.184327e+01 4.426571e+01 2.058134e+00 3.317362e+01 8.621811e+01 9.195935e+01 -1.524139e+01 4.165368e+01 1.007391e+02 9.753488e+01 1.559824e+01 2.402262e+00 4.850390e+00 -7.459161e-01 8.820790e+00 
27 433  1.182718781251581277e+03 0 0 4.399901e+01 -7.226153e+00 3.521348e+01 -2.143432e+01 4.596233e+01 7.936682e+01 9.437011e+01 -6.616546e+00 4.787854e+01 7.208474e+01 7.822598e+01 1.415337e+01 4.274608e+00 4.522853e+00 6.078770e-01 5.408625e+00 
28 449  1.182655739690465452e+03 0 0 4.890578e+01 2.401538e+00 1.717891e+01 1.744432e+01 3.337783e+01 9.850266e+01 1.213301e+02 -1.006517e+01 5.091147e+01 8.994682e+01 1.108356e+02 1.615615e+01 2.439253e+00 6.579072e+00 1.443485e+00 6.389389e+00 
29 465  1.176029799962595462e+03 0 0 5.148948e+01 6.956330e+00 4.138317e+01 -2.344376e+01 3.404656e+01 1.021857e+02 1.069612e+02 -8.886233e+00 3.402985e+01 8.971714e+01 8.579828e+01 1.045233e+01 4.866284e+00 5.090859e+00 5.137178e-01 7.987089e+00 
30 481  1.177698302430181229e+03 0 0 5.335785e+01 -8.196392e+00 3.069441e+01 -9.958274e+00 5.761163e+01 9.930020e+01 9.910570e+01 -2.237591e+01 4.521514e+01 1.023487e+02 8.641707e+01 1.656052e+01 1.261483e+00 6.313416e+00 1.509633e+00 7.912581e+00 
31 497  1.177106305386494114e+03 0 0 4.363099e+01 -7.450411e+00 2.448464e+01 -2.017135e+01 3.803446e+01 9.359186e+01 9.320728e+01 -2.010867e+01 4.102898e+01 9.495837e+01 8.070638e+01 1.583960e+01 1.671180e+00 6.869219e+00 1.896540e+00 7.604435e+00 
32 513  1.175244544145265763e+03 0 0 6.353594e+01 -8.717822e+00 4.884559e+01 -1.323214e+01 3.563914e+01 8.726805e+01 9.566044e+01 -3.106313e-01 2.678066e+01 7.307505e+01 8.547759e+01 1.474252e+01 3.668285e+00 5.760386e+00 1.143232e+00 8.027307e+00 
33 529  1.175413232776955738e+03 0 0 5.341698e+01 -2.195908e+00 5.473331e+01 -6.625739e+00 4.168461e+01 9.336476e+01 8.845462e+01 -2.474824e+01 3.344517e+01 7.668247e+01 7.258533e+01 1.670363e+01 3.020436e+00 5.123537e+00 1.751307e+00 7.835846e+00 
34 545  1.181195736701269425e+03 0 0 5.684789e+01 5.992125e+00 2.106268e+01 -1.954142e+01 3.958811e+01 9.205004e+01 9.771915e+01 -2.195957e+01 2.632211e+01 9.402885e+01 8.902042e+01 1.949801e+01 1.586252e+00 8.387859e+00 5.683985e-01 9.677799e+00 
35 561  1.179779614234207656e+03 0 0 3.999125e+01 -7.741557e-01 2.990880e+01 -3.061005e+00 4.353527e+01 9.991183e+01 9.109157e+01 -1.305312e+01 3.534371e+01 8.128121e+01 7.232660e+01 2.076291e+01 2.077447e+00 6.760753e+00 1.311445e+00 8.985517e+00 
36 577  1.175885101613449251e+03 0 0 3.569272e+01 -1.351725e+00 3.402530e+01 -1.169349e+01 3.144863e+01 1.181133e+02 1.011827e+02 -2.670158e+01 4.497624e+01 9.193904e+01 8.049446e+01 1.316119e+01 3.467777e+00 6.573999e+00 1.905357e+00 8.304238e+00 
37 593  1.178034388086779700e+03 0 0 3.783548e+01 7.649237e+00 3.656605e+01 -9.228236e-02 2.393113e+01 1.110478e+02 8.812209e+01 -9.761998e+00 3.443976e+01 8.686007e+01 8.387312e+01 1.825186e+01 1.891358e+00 8.473140e+00 4.487411e-01 7.758385e+00 
38 609  1.173981871949280730e+03 0 0 4.535990e+01 -6.215936e+00 3.210090e+01 -9.665954e+00 1.934814e+01 1.102466e+02 7.220029e+01 -1.773447e+01 2.773768e+01 9.062323e+01 7.733747e+01 1.565589e+01 2.256116e+00 7.433745e+00 1.642108e+00 7.371025e+00 
39 625  1.168823481521505755e+03 0 0 4.181379e+01 -1.737003e+00 4.417428e+01 1.009285e+00 3.561546e+01 1.146439e+02 7.724724e+01 -1.496525e+01 1.769890e+01 7.677012e+01 6.749096e+01 1.695068e+01 2.713426e+00 7.895841e+00 -3.581087e-01 5.978833e+00 
40 641  1.168422532333774825e+03 0 0 4.180167e+01 -6.068710e+00 4.426981e+01 9.765173e-01 2.521086e+01 1.075464e+02 7.826622e+01 -2.669738e+00 9.220306e+00 6.591466e+01 7.148996e+01 1.184830e+01 1.793703e+00 6.052589e+00 1.050426e-01 8.276803e+00 
41 657  1.166676250503751135e+03 0 0 6.142200e+01 1.347740e+01 4.333348e+01 -1.118727e+01 2.622895e+01 1.081015e+02 8.908933e+01 -1.563551e+01 9.081964e+00 6.881589e+01 6.674540e+01 1.619419e+01 1.554118e+00 7.177295e+00 -1.295702e+00 7.888801e+00 
42 673  1.176390269266746600e+03 0 0 4.930832e+01 -1.805215e+01 2.584862e+01 -3.177987e+00 3.015084e+01 1.054350e+02 6.957177e+01 -1.532162e+01 2.570795e+01 8.930446e+01 6.983642e+01 1.750191e+01 1.206074e+00 6.477875e+00 1.617585e-01 8.675561e+00 
43 689  1.171067163131678171e+03 0 0 3.095906e+01 -1.188151e+01 3.485619e+01 7.239564e+00 -1.145902e+01 1.001805e+02 6.458118e+01 -1.468522e+01 1.488766e+01 8.287587e+01 6.250455e+01 1.385261e+01 1.181624e+00 6.317992e+00 -1.786299e-02 8.627607e+00 
